0 58
1 52
2 60
3 64
4 56
5 58
6 60
7 58
8 52
9 56
10 60
11 52
12 58
13 60
14 58
15 56
16 60
17 56
18 54
19 62
20 60
21 60
22 54
23 60
24 60
25 64
26 60
27 56
28 52
29 56
30 56
31 58
32 58
33 64
34 60
35 56
36 62
37 52
38 56
39 52
40 64
41 52
42 58
43 52
44 54
45 58
46 56
47 64
48 62
49 56
50 52
51 58
52 56
53 62
54 64
55 60
56 58
57 56
58 56
59 60
60 60
61 64
62 58
63 52
64 56
65 58
66 54
67 64
68 64
69 56
70 54
71 60
72 60
73 56
74 64
75 58
76 56
77 56
78 60
79 56
80 56
81 60
82 56
83 52
84 52
85 54
86 60
87 60
88 64
89 56
90 52
91 60
92 58
93 52
94 54
95 60
96 56
97 56
98 60
99 56
100 56
