0 19848
1 5380
2 5176
3 4878
4 4968
5 4922
6 5414
7 4908
8 4946
9 4902
10 4910
11 4918
12 4920
13 4916
14 4900
15 4930
16 4930
17 5420
18 4880
19 5428
20 4932
21 4896
22 4862
23 4922
24 4906
25 4874
26 4886
27 4892
28 4848
29 4898
30 5554
31 4868
32 4876
33 4968
34 5070
35 5096
36 4932
37 4876
38 5078
39 4914
40 4890
41 5396
42 4888
43 5376
44 4904
45 5078
46 4890
47 4902
48 4864
49 4890
50 5388
51 4898
52 5414
53 4904
54 4890
55 4848
56 4806
57 4778
58 4834
59 4894
60 4828
61 4820
62 4818
63 5282
64 4812
65 4914
66 5046
67 4944
68 4866
69 4876
70 4882
71 4882
72 4868
73 4876
74 5380
75 4876
76 5518
77 4968
78 4872
79 4862
80 4904
81 4888
82 4890
83 4876
84 4876
85 4836
86 4852
87 5350
88 4872
89 4842
90 4862
91 4936
92 4876
93 4882
94 4852
95 4846
96 4832
97 4836
98 5496
99 4894
100 5258
